100 
116 
120 
701 
704 
705 
706 
707 
843 
846 
847 
848 
849 
850 
861 
10001 
10003 
10004 
10006 
10010 
10012 
10018 
10026 
10029 
10032 
10033 
10034
10035 
10037 
10038 
10039 
10041 
10042 
10043 
10044 10047 10049 10050 10051 10054 10065 10067 10069 10075 10077 10082 10084 10088 10089 10090 10092 10099 10104 10105 10110 10117 10127 10128 10131 10132 10135 10136 10137 10138 10139 10142 10149 10150 10152 10154 10157 10158 10159 10160 10161 10167 10168 10177 10180 10181 10182 10183 10187 10188 10189 10191 10194 10195 10196 10198 10199 10201 10202 10205 10209 10213 10215 10233 10245 10247 10249 10252 10254 10258 10261 10267 10270 10271 10276 10278 10310 10315